bag	I	IA	IBC	II	IIA	IIB	III	IIIA	IV	IVA	IVB	IVC	UNK	VA
1D01	2.00E+06	6.38E+06	4.22E+07	1.08E+07	2.48E+05	1.08E+07	3.57E+06	1.51E+05	2.33E+06	1.07E+07	6.14E+06	4.76E+06	5.37E+06	4.88E+06
1D02	8.75E+05	9.91E+06	4.45E+07	1.18E+07	4.28E+05	8.57E+06	4.60E+06	3.54E+05	4.23E+06	2.10E+06	9.67E+06	1.36E+06	1.38E+06	8.49E+06
1D03	1.59E+06	3.13E+06	4.95E+07	5.71E+06	2.37E+05	5.36E+06	2.87E+06	2.45E+05	1.73E+06	9.63E+06	5.08E+06	6.15E+06	4.73E+06	3.78E+06
1D04	6.78E+06	3.13E+07	1.16E+08	5.50E+07	7.19E+05	5.94E+07	1.64E+07	4.24E+05	5.05E+06	4.02E+07	1.29E+07	1.00E+07	1.89E+07	1.17E+07
1G01	1.14E+06	7.09E+06	3.97E+07	7.18E+06	1.73E+05	5.33E+06	3.41E+06	1.44E+05	5.63E+05	3.22E+06	2.15E+06	1.75E+06	1.33E+06	5.72E+06
1G02	2.87E+06	1.80E+07	1.00E+08	2.15E+07	3.59E+05	9.99E+06	9.28E+06	4.19E+05	2.69E+06	3.80E+06	7.93E+06	1.17E+06	2.30E+06	9.63E+06
1G03	3.90E+06	3.62E+07	1.66E+08	3.25E+07	9.43E+05	2.16E+07	1.91E+07	3.41E+05	2.99E+06	7.12E+06	9.04E+06	2.59E+06	3.20E+06	2.66E+07
1G04	3.23E+06	3.39E+07	1.80E+08	3.08E+07	6.89E+05	2.06E+07	1.83E+07	4.04E+05	2.92E+06	7.53E+06	1.03E+07	1.92E+06	3.59E+06	1.65E+07
1P01	5.92E+06	2.11E+07	1.35E+08	7.72E+07	2.72E+06	1.56E+07	9.04E+07	1.09E+08	1.24E+07	8.19E+06	4.16E+07	6.81E+06	7.50E+06	1.35E+08
1P02	3.26E+06	5.83E+07	1.81E+08	1.41E+08	2.19E+06	4.10E+07	6.13E+07	4.64E+07	8.98E+06	5.18E+06	2.55E+07	3.47E+06	3.81E+06	7.36E+07
1P03	5.16E+06	1.67E+07	1.02E+08	5.79E+07	1.98E+06	1.05E+07	6.82E+07	8.16E+07	2.47E+07	6.09E+06	4.52E+07	5.20E+06	5.16E+06	1.03E+08
1P04	3.28E+06	2.14E+07	8.01E+07	5.01E+07	1.69E+06	1.48E+07	4.14E+07	4.18E+07	9.60E+06	4.67E+06	2.20E+07	2.98E+06	3.13E+06	6.29E+07
1S01	2.17E+05	1.30E+07	2.95E+07	1.16E+07	1.30E+05	7.13E+06	5.35E+06	3.33E+05	1.33E+06	8.82E+05	2.40E+06	5.21E+05	5.93E+05	1.31E+07
1S02	9.08E+05	4.26E+07	9.38E+07	4.10E+07	7.32E+05	2.61E+07	1.46E+07	1.08E+06	7.29E+06	1.85E+06	1.30E+07	1.29E+06	1.14E+06	4.95E+07
1S03	1.23E+06	4.20E+07	1.16E+08	6.84E+07	1.21E+06	2.55E+07	2.67E+07	1.06E+07	4.82E+06	3.14E+06	1.32E+07	1.91E+06	2.20E+06	5.26E+07
1S04	2.81E+06	1.25E+08	3.63E+08	1.35E+08	1.96E+06	7.86E+07	5.62E+07	8.90E+06	1.30E+07	1.95E+07	2.77E+07	4.33E+06	8.82E+06	1.01E+08
1W01	1.99E+06	2.78E+07	1.22E+08	4.90E+07	5.40E+05	2.67E+07	1.22E+07	5.40E+05	4.76E+06	9.99E+06	1.23E+07	3.64E+06	5.15E+06	1.08E+07
1W02	9.10E+05	1.52E+07	5.74E+07	2.78E+07	5.08E+05	3.12E+07	8.87E+06	8.03E+05	2.30E+06	4.19E+06	5.38E+06	1.35E+06	1.61E+06	7.32E+06
1W03	2.40E+05	4.06E+06	2.04E+07	6.25E+06	1.05E+05	7.23E+06	2.32E+06	1.80E+05	8.10E+05	1.62E+06	1.54E+06	7.65E+05	9.75E+05	1.60E+06
1W04	1.02E+06	7.50E+06	5.87E+07	1.08E+07	1.78E+05	1.02E+07	4.38E+06	5.03E+05	2.23E+06	4.62E+06	5.43E+06	1.23E+06	1.63E+06	5.46E+06
2D01	4.23E+05	1.47E+06	7.91E+06	3.23E+06	1.96E+05	2.15E+06	1.27E+06	1.87E+05	2.59E+06	1.01E+06	5.36E+06	5.64E+05	4.82E+05	4.19E+06
2D02	5.75E+05	2.59E+06	1.81E+07	6.18E+06	2.24E+05	4.71E+06	2.10E+06	4.20E+05	2.86E+06	2.13E+06	6.01E+06	8.69E+05	8.13E+05	6.55E+06
2D04	1.20E+06	9.18E+06	2.79E+07	1.36E+07	7.72E+05	1.00E+07	6.52E+06	9.01E+05	1.07E+07	2.66E+06	2.58E+07	1.67E+06	1.37E+06	1.83E+07
2G01	8.12E+05	2.02E+06	1.27E+07	3.74E+06	2.41E+05	1.42E+06	2.68E+06	3.41E+05	5.19E+06	1.16E+06	8.40E+06	6.12E+05	5.01E+05	1.00E+07
2G02	5.81E+05	1.29E+06	8.59E+06	3.94E+06	3.43E+05	1.03E+06	2.64E+06	6.87E+05	5.07E+06	1.37E+06	9.99E+06	1.00E+06	5.81E+05	1.03E+07
2G03	4.88E+05	1.64E+06	8.70E+06	2.76E+06	1.87E+05	1.08E+06	1.78E+06	2.54E+05	2.53E+06	7.62E+05	6.03E+06	5.55E+05	3.94E+05	4.91E+06
2G04	9.39E+05	4.70E+06	2.38E+07	1.17E+07	1.21E+06	4.96E+06	1.18E+07	2.91E+06	1.33E+07	3.80E+06	2.61E+07	1.92E+06	1.97E+06	2.64E+07
2P01	9.41E+05	1.88E+06	1.65E+07	4.67E+06	2.69E+05	1.41E+06	2.39E+06	1.41E+06	5.92E+06	1.88E+06	1.41E+07	1.31E+06	1.18E+06	1.37E+07
2P02	2.46E+06	1.06E+07	5.48E+07	4.32E+07	1.44E+06	7.43E+06	2.30E+07	1.93E+07	1.72E+07	4.40E+06	3.99E+07	3.43E+06	2.82E+06	5.66E+07
2P03	1.84E+06	2.92E+06	2.43E+07	1.13E+07	5.58E+05	1.90E+06	8.17E+06	4.14E+06	1.12E+07	3.58E+06	2.69E+07	2.05E+06	1.86E+06	6.89E+07
2P04	1.45E+06	2.85E+06	2.11E+07	1.33E+07	4.83E+05	2.47E+06	8.51E+06	8.51E+06	9.67E+06	2.18E+06	1.87E+07	1.79E+06	1.98E+06	2.52E+07
2S01	1.10E+06	7.23E+06	2.03E+07	1.43E+07	4.00E+05	5.58E+06	4.89E+06	7.88E+05	5.86E+06	1.67E+06	1.18E+07	9.81E+05	7.62E+05	1.19E+07
2S02	5.75E+05	6.85E+05	7.25E+06	2.96E+06	1.99E+05	5.75E+05	1.77E+06	5.31E+05	4.73E+06	1.02E+06	9.71E+06	7.74E+05	5.75E+05	9.22E+06
2S03	1.47E+06	4.42E+06	1.78E+07	1.45E+07	6.76E+05	2.95E+06	5.84E+06	8.60E+05	6.88E+06	1.90E+06	1.53E+07	1.17E+06	1.54E+06	2.45E+07
2S04	1.04E+06	1.74E+06	1.01E+07	5.18E+06	4.17E+05	1.25E+06	2.84E+06	6.96E+05	6.07E+06	1.58E+06	1.39E+07	8.35E+05	5.57E+05	1.39E+07
2W01	1.37E+06	2.61E+06	1.87E+07	7.19E+06	4.15E+05	3.32E+06	4.95E+06	9.02E+05	9.68E+06	2.56E+06	2.06E+07	1.66E+06	1.19E+06	1.71E+07
2W02	2.39E+06	1.14E+07	4.97E+07	2.22E+07	1.32E+06	1.59E+07	1.13E+07	2.90E+06	1.55E+07	5.60E+06	3.06E+07	3.56E+06	2.85E+06	2.82E+07
2W03	5.16E+05	1.25E+06	6.78E+06	3.03E+06	1.70E+05	7.87E+05	1.95E+06	6.04E+05	3.66E+06	6.72E+05	7.50E+06	5.56E+05	4.07E+05	6.53E+06
2W04	9.27E+05	2.70E+06	1.51E+07	6.67E+06	6.44E+05	3.09E+06	3.48E+06	7.21E+05	6.72E+06	2.21E+06	1.59E+07	1.52E+06	7.72E+05	1.31E+07
3D01	1.78E+06	5.13E+06	2.67E+07	1.30E+07	1.11E+06	6.91E+06	6.06E+06	7.80E+05	1.40E+07	3.83E+06	2.53E+07	2.56E+06	1.30E+06	2.12E+07
3D02	4.49E+06	2.70E+07	1.14E+08	4.99E+07	2.52E+06	4.04E+07	2.16E+07	4.34E+06	3.39E+07	1.02E+07	6.70E+07	6.11E+06	5.40E+06	6.66E+07
3D03	7.53E+05	1.59E+06	9.68E+06	5.22E+06	2.23E+05	2.54E+06	2.37E+06	3.07E+05	6.42E+06	1.95E+06	1.39E+07	9.21E+05	4.46E+05	1.04E+07
3D04	1.03E+06	4.38E+06	2.01E+07	9.62E+06	4.70E+05	5.66E+06	4.34E+06	6.69E+05	8.99E+06	2.50E+06	1.75E+07	1.74E+06	1.09E+06	1.41E+07
3G01	1.11E+06	4.28E+06	1.68E+07	6.27E+06	3.78E+05	2.01E+06	3.60E+06	4.78E+05	6.92E+06	1.44E+06	1.28E+07	1.16E+06	8.31E+05	1.57E+07
3G02	1.51E+06	4.54E+06	2.88E+07	1.12E+07	1.58E+06	3.30E+06	6.88E+06	6.88E+05	1.38E+07	3.44E+06	3.45E+07	2.48E+06	1.51E+06	2.97E+07
3G03	9.39E+05	1.52E+06	9.82E+06	4.77E+06	4.16E+05	1.30E+06	2.44E+06	6.84E+05	6.83E+06	1.53E+06	1.53E+07	8.58E+05	6.57E+05	1.31E+07
3G04	2.19E+06	4.15E+06	3.59E+07	1.08E+07	6.41E+05	3.09E+06	6.41E+06	9.05E+05	1.57E+07	4.11E+06	3.06E+07	2.75E+06	2.56E+06	3.22E+07
3P01	1.44E+06	3.68E+06	1.94E+07	1.07E+07	8.00E+05	1.60E+06	6.08E+06	3.04E+06	1.69E+07	3.20E+06	3.48E+07	2.96E+06	9.60E+05	2.66E+07
3P02	3.63E+05	5.21E+05	4.62E+06	2.26E+06	2.68E+05	5.21E+05	1.50E+06	3.79E+05	3.82E+06	1.04E+06	8.88E+06	9.31E+05	3.63E+05	8.27E+06
3P03	3.90E+06	2.92E+06	3.34E+07	1.70E+07	1.73E+06	2.81E+06	1.13E+07	2.06E+06	3.53E+07	6.28E+06	7.34E+07	4.98E+06	2.92E+06	5.32E+07
3P04	3.66E+06	3.87E+06	3.97E+07	2.14E+07	2.03E+06	4.34E+06	1.27E+07	2.78E+06	3.73E+07	7.26E+06	7.70E+07	4.81E+06	3.32E+06	6.78E+07
3S01	1.50E+06	1.87E+06	1.81E+07	8.39E+06	8.67E+05	1.95E+06	4.47E+06	9.67E+05	1.53E+07	2.97E+06	2.85E+07	1.82E+06	1.50E+06	3.62E+07
3S02	1.15E+06	2.76E+06	1.78E+07	1.01E+07	5.59E+05	1.88E+06	4.97E+06	7.64E+05	1.26E+07	2.88E+06	2.33E+07	1.79E+06	1.21E+06	3.51E+07
3S03	5.88E+05	7.25E+05	6.25E+06	3.96E+06	3.53E+05	5.88E+05	2.08E+06	3.13E+05	6.13E+06	1.14E+06	1.21E+07	7.83E+05	5.88E+05	1.10E+07
3S04	2.07E+06	2.51E+06	1.92E+07	9.55E+06	1.19E+06	1.50E+06	7.22E+06	1.10E+06	1.88E+07	3.74E+06	3.65E+07	2.25E+06	1.45E+06	4.08E+07
3W01	1.14E+06	2.61E+06	1.91E+07	6.60E+06	5.54E+05	3.82E+06	3.30E+06	5.27E+05	7.90E+06	2.11E+06	1.40E+07	1.27E+06	7.48E+05	1.31E+07
3W02	1.19E+06	3.45E+06	2.00E+07	8.18E+06	5.94E+05	4.10E+06	3.48E+06	5.94E+05	8.09E+06	2.13E+06	1.76E+07	1.40E+06	1.03E+06	1.37E+07
3W03	1.19E+04	3.53E+04	1.86E+05	9.08E+04	7.22E+03	3.16E+04	4.65E+04	1.21E+04	1.32E+05	2.47E+04	2.58E+05	2.05E+04	1.01E+04	2.09E+05
3W04	2.83E+06	8.48E+06	6.31E+07	1.77E+07	1.49E+06	8.72E+06	1.03E+07	1.68E+06	2.30E+07	6.42E+06	4.69E+07	4.55E+06	3.07E+06	4.22E+07
4D01	4.40E+06	7.95E+06	8.88E+07	1.29E+07	4.50E+05	1.09E+07	7.50E+06	3.05E+05	5.21E+06	6.99E+07	1.17E+07	2.76E+07	2.96E+07	1.05E+07
4D02	2.86E+06	1.28E+07	1.20E+08	2.23E+07	3.48E+05	2.42E+07	7.95E+06	4.35E+05	3.26E+06	1.85E+07	8.78E+06	4.88E+06	8.28E+06	7.49E+06
4D03	2.44E+06	1.11E+07	1.06E+08	2.07E+07	4.10E+05	1.98E+07	7.91E+06	3.00E+05	7.31E+06	1.15E+07	1.42E+07	2.84E+06	5.36E+06	1.29E+07
4D04	1.82E+06	4.05E+06	9.56E+07	8.81E+06	3.66E+05	5.67E+06	4.34E+06	3.38E+05	6.59E+06	6.64E+06	1.42E+07	1.69E+06	3.07E+06	1.02E+07
4G01	3.41E+06	3.41E+07	1.67E+08	3.64E+07	9.76E+05	1.99E+07	1.65E+07	7.44E+05	9.26E+06	7.05E+06	2.07E+07	3.03E+06	3.08E+06	3.27E+07
4G02	1.38E+07	1.31E+08	5.25E+08	1.22E+08	2.57E+06	7.90E+07	5.40E+07	1.41E+06	1.76E+07	4.15E+07	4.80E+07	2.25E+07	2.14E+07	8.29E+07
4G03	3.26E+06	1.35E+07	9.54E+07	1.49E+07	6.03E+05	7.83E+06	7.75E+06	6.03E+05	8.21E+06	5.84E+06	1.96E+07	2.08E+06	3.16E+06	3.34E+07
4G04	1.22E+06	8.10E+06	5.66E+07	8.27E+06	1.33E+05	4.69E+06	3.43E+06	3.62E+05	2.73E+06	2.02E+06	7.38E+06	1.01E+06	1.22E+06	1.11E+07
4P01	1.93E+06	7.89E+06	3.82E+07	1.96E+07	6.66E+05	4.41E+06	1.84E+07	1.82E+07	7.63E+06	2.89E+06	2.00E+07	2.00E+06	2.37E+06	3.31E+07
4P02	4.73E+06	1.22E+08	3.12E+08	1.45E+08	3.21E+06	7.43E+07	8.10E+07	5.26E+07	1.53E+07	9.19E+06	4.00E+07	6.42E+06	4.95E+06	9.24E+07
4P03	4.77E+06	3.00E+07	1.22E+08	1.17E+08	2.90E+06	2.68E+07	5.26E+07	2.95E+07	1.79E+07	6.63E+06	3.70E+07	4.91E+06	4.72E+06	9.46E+07
4P04	2.71E+06	1.06E+07	5.60E+07	3.61E+07	1.50E+06	7.38E+06	2.90E+07	3.36E+07	1.08E+07	3.50E+06	2.35E+07	2.59E+06	2.67E+06	4.43E+07
4S01	1.52E+06	3.83E+06	2.12E+07	1.18E+07	6.92E+05	3.10E+06	7.00E+06	3.08E+06	1.12E+07	2.88E+06	2.11E+07	1.90E+06	1.83E+06	5.06E+07
4S02	1.08E+06	8.47E+06	3.42E+07	1.65E+07	4.21E+05	5.32E+06	7.87E+06	2.16E+06	6.55E+06	1.71E+06	1.27E+07	1.13E+06	1.05E+06	4.39E+07
4S03	6.20E+06	4.16E+07	1.41E+08	6.02E+07	2.86E+06	2.74E+07	3.54E+07	5.43E+06	4.46E+07	1.20E+07	7.86E+07	6.50E+06	5.67E+06	2.03E+08
4S04	7.87E+05	2.51E+06	1.57E+07	1.16E+07	3.00E+05	1.63E+06	7.64E+06	6.45E+06	4.54E+06	1.31E+06	9.28E+06	9.58E+05	8.68E+05	2.50E+07
4W01	1.72E+06	7.64E+06	5.36E+07	1.15E+07	7.56E+05	7.78E+06	5.04E+06	5.92E+05	6.43E+06	3.14E+06	1.50E+07	1.63E+06	1.18E+06	1.41E+07
4W02	3.44E+06	3.61E+07	2.06E+08	4.59E+07	7.11E+05	3.80E+07	1.68E+07	1.68E+06	5.15E+06	1.14E+07	1.46E+07	4.70E+06	4.70E+06	2.00E+07
4W03	6.71E+06	2.15E+07	1.77E+08	3.90E+07	2.50E+06	1.96E+07	1.78E+07	2.13E+06	3.50E+07	1.51E+07	7.07E+07	7.38E+06	6.05E+06	7.74E+07
4W04	3.09E+06	2.39E+07	1.06E+08	4.14E+07	5.44E+05	4.16E+07	1.13E+07	4.61E+05	4.55E+06	2.11E+07	1.16E+07	8.84E+06	9.49E+06	9.00E+06
5D01	9.08E+05	1.35E+07	3.60E+07	2.21E+07	5.48E+05	1.22E+07	6.64E+06	4.54E+05	6.60E+06	1.63E+06	1.11E+07	1.10E+06	9.65E+05	1.62E+07
5D02	1.83E+06	2.65E+07	8.07E+07	4.70E+07	1.50E+06	2.47E+07	1.44E+07	1.53E+06	2.00E+07	5.35E+06	3.72E+07	3.10E+06	2.40E+06	5.32E+07
5D03	3.15E+06	3.12E+07	1.81E+08	6.89E+07	2.00E+06	4.54E+07	2.39E+07	2.52E+06	3.93E+07	1.57E+07	7.57E+07	7.25E+06	7.99E+06	1.29E+08
5D04	4.22E+06	1.70E+06	4.63E+07	5.67E+06	6.55E+05	1.50E+06	3.87E+06	4.98E+05	1.09E+07	3.77E+06	2.02E+07	2.18E+06	2.73E+06	1.67E+07
5G01	5.33E+06	5.64E+06	7.66E+07	1.43E+07	1.34E+06	4.03E+06	1.02E+07	1.16E+06	2.48E+07	7.79E+06	4.45E+07	4.52E+06	4.08E+06	6.07E+07
5G02	3.47E+06	5.92E+06	4.29E+07	1.24E+07	1.05E+06	3.78E+06	7.31E+06	6.82E+05	1.71E+07	4.80E+06	3.63E+07	3.19E+06	2.63E+06	4.77E+07
5G03	3.49E+06	1.08E+07	4.84E+07	1.54E+07	8.94E+05	6.69E+06	6.32E+06	8.36E+05	9.63E+06	3.98E+06	2.09E+07	2.36E+06	2.48E+06	3.02E+07
5G04	5.50E+06	4.12E+06	5.64E+07	1.03E+07	8.75E+05	3.22E+06	5.00E+06	6.56E+05	1.11E+07	4.94E+06	2.07E+07	2.22E+06	3.44E+06	3.71E+07
5P01	2.85E+06	3.64E+06	3.45E+07	1.70E+07	1.09E+06	4.00E+06	1.18E+07	1.51E+06	3.57E+07	6.97E+06	6.06E+07	4.67E+06	4.61E+06	5.00E+07
5P02	3.45E+06	3.74E+06	3.11E+07	1.64E+07	1.94E+06	2.13E+06	1.04E+07	1.74E+06	3.44E+07	7.65E+06	5.97E+07	4.52E+06	3.94E+06	4.93E+07
5P03	1.83E+06	2.36E+06	1.88E+07	9.13E+06	8.62E+05	1.81E+06	6.36E+06	2.42E+06	1.74E+07	3.32E+06	3.31E+07	2.63E+06	1.60E+06	2.74E+07
5P04	2.59E+06	2.83E+06	2.53E+07	1.31E+07	1.46E+06	2.54E+06	7.82E+06	1.60E+06	2.58E+07	4.38E+06	4.35E+07	3.16E+06	1.98E+06	4.10E+07
5S01	3.71E+06	4.48E+06	3.77E+07	1.95E+07	1.64E+06	4.26E+06	1.34E+07	3.06E+06	3.87E+07	6.88E+06	7.49E+07	4.70E+06	3.38E+06	6.41E+07
5S02	5.46E+05	8.01E+05	6.69E+06	3.18E+06	3.40E+05	5.71E+05	1.63E+06	2.91E+05	6.69E+06	1.08E+06	1.23E+07	7.89E+05	5.10E+05	9.85E+06
5S03	1.20E+06	1.42E+06	1.15E+07	5.57E+06	4.86E+05	1.18E+06	3.92E+06	7.64E+05	1.26E+07	2.62E+06	2.31E+07	1.68E+06	1.58E+06	1.85E+07
5S04	1.43E+06	1.52E+06	1.37E+07	7.02E+06	5.77E+05	1.25E+06	3.74E+06	6.38E+05	1.36E+07	1.97E+06	2.43E+07	1.58E+06	1.70E+06	2.23E+07
5W01	1.29E+06	2.92E+06	1.76E+07	6.49E+06	7.17E+05	2.51E+06	3.03E+06	5.84E+05	1.12E+07	2.04E+06	1.85E+07	1.50E+06	1.43E+06	2.04E+07
5W02	2.01E+06	4.45E+06	2.79E+07	1.28E+07	9.19E+05	6.01E+06	5.58E+06	1.13E+06	1.77E+07	4.10E+06	3.50E+07	3.12E+06	2.03E+06	3.09E+07
5W03	2.23E+06	6.49E+06	5.15E+07	1.15E+07	5.00E+05	6.49E+06	6.19E+06	4.61E+05	1.08E+07	4.34E+06	2.56E+07	2.46E+06	2.50E+06	2.69E+07
5W04	2.76E+06	5.05E+06	3.62E+07	1.13E+07	6.90E+05	2.87E+06	6.39E+06	8.71E+05	1.45E+07	3.70E+06	2.69E+07	1.92E+06	2.14E+06	2.66E+07
ZD01	2.11E+05	1.01E+05	1.35E+06	4.49E+05	4.36E+04	8.46E+04	2.52E+05	3.05E+04	6.74E+05	6.12E+05	2.54E+06	3.28E+05	4.03E+05	1.23E+06
ZD02	1.95E+05	1.16E+05	1.29E+06	3.66E+05	5.55E+04	9.56E+04	2.54E+05	3.07E+04	6.40E+05	5.64E+05	2.38E+06	2.93E+05	3.50E+05	1.13E+06
ZD03	3.48E+05	1.89E+05	2.09E+06	6.95E+05	6.82E+04	1.31E+05	4.30E+05	5.87E+04	1.10E+06	1.04E+06	3.87E+06	4.88E+05	6.44E+05	1.89E+06
ZD04	4.70E+05	2.41E+05	2.68E+06	8.92E+05	1.09E+05	1.61E+05	6.06E+05	8.40E+04	1.69E+06	1.27E+06	5.65E+06	6.35E+05	7.54E+05	2.47E+06
ZG01	1.61E+06	3.63E+06	2.24E+07	5.10E+06	1.29E+05	2.37E+06	3.49E+06	2.77E+05	1.53E+06	2.07E+06	6.34E+06	1.47E+06	1.19E+06	1.91E+07
ZG02	4.03E+06	9.43E+06	5.16E+07	1.34E+07	4.14E+05	5.89E+06	7.85E+06	4.70E+05	3.93E+06	4.78E+06	1.36E+07	3.83E+06	3.14E+06	4.96E+07
ZG03	4.59E+06	1.10E+07	6.30E+07	1.47E+07	4.63E+05	6.91E+06	9.76E+06	8.10E+05	4.17E+06	5.52E+06	1.55E+07	4.29E+06	3.95E+06	5.57E+07
ZG04	2.53E+06	5.29E+06	3.39E+07	7.16E+06	3.28E+05	3.03E+06	5.51E+06	3.28E+05	2.57E+06	2.96E+06	8.88E+06	2.18E+06	2.14E+06	3.24E+07
ZP01	2.82E+05	2.70E+05	2.13E+06	1.02E+06	9.62E+04	1.98E+05	8.41E+05	1.62E+05	3.46E+06	4.81E+05	5.46E+06	4.03E+05	3.31E+05	3.86E+06
ZP02	5.31E+05	6.04E+05	5.24E+06	3.26E+06	2.66E+05	4.83E+05	1.59E+06	6.52E+05	8.88E+06	8.21E+05	1.45E+07	8.45E+05	7.73E+05	8.81E+06
ZP03	1.13E+05	1.03E+05	8.71E+05	4.19E+05	2.90E+04	5.16E+04	2.23E+05	6.13E+04	1.26E+06	1.65E+05	1.96E+06	1.81E+05	8.71E+04	1.49E+06
ZP04	2.88E+05	2.80E+05	2.21E+06	1.09E+06	6.11E+04	2.18E+05	6.29E+05	1.83E+05	3.62E+06	4.98E+05	5.53E+06	5.15E+05	3.14E+05	3.42E+06
ZS01	1.57E+05	1.52E+05	1.59E+06	7.73E+05	4.40E+04	1.17E+05	4.26E+05	7.83E+04	2.74E+06	3.42E+05	3.96E+06	3.13E+05	2.35E+05	2.38E+06
ZS02	1.83E+05	1.79E+05	1.70E+06	8.85E+05	7.79E+04	1.38E+05	4.17E+05	1.01E+05	2.66E+06	3.03E+05	4.56E+06	3.58E+05	2.43E+05	2.85E+06
ZS03	1.69E+05	2.39E+05	2.01E+06	1.11E+06	7.47E+04	1.99E+05	5.68E+05	6.97E+04	2.89E+06	4.63E+05	5.23E+06	3.24E+05	1.99E+05	3.46E+06
ZS04	1.10E+05	1.01E+05	1.12E+06	5.84E+05	5.86E+04	8.44E+04	3.45E+05	7.03E+04	1.52E+06	2.06E+05	2.46E+06	1.62E+05	1.85E+05	1.88E+06
ZW01	1.18E+05	2.75E+05	2.14E+06	6.55E+05	3.59E+04	2.95E+05	3.39E+05	5.90E+04	1.81E+06	2.39E+05	2.91E+06	2.23E+05	1.36E+05	1.49E+06
ZW02	2.35E+05	1.09E+06	5.65E+06	2.00E+06	7.82E+04	1.31E+06	8.92E+05	1.46E+05	6.62E+06	7.09E+05	8.36E+06	3.49E+05	3.91E+05	3.98E+06
ZW03	2.90E+05	5.74E+05	4.11E+06	1.56E+06	1.08E+05	7.33E+05	7.78E+05	1.42E+05	3.99E+06	5.17E+05	5.84E+06	4.15E+05	2.90E+05	2.97E+06
ZW04	2.10E+05	4.83E+05	3.84E+06	1.00E+06	8.43E+04	4.78E+05	6.31E+05	1.16E+05	4.86E+06	4.53E+05	5.96E+06	3.12E+05	2.62E+05	2.87E+06
